S:0.3496289215654291
CHI:10.65958131469501