p2_score_diff_test: 2.1169171548273325e-07

p2_mom_diff_test: 0.0

p2_result: {1: ({'ssr_ftest': (0.5971120312080335, 0.44101314280266213, 137.0, 1), 'ssr_chi2test': (0.6101874771468955, 0.4347172304195652, 1), 'lrtest': (0.6088615827802641, 0.43521676657308983, 1), 'params_ftest': (0.5971120312080289, 0.44101314280266213, 137.0, 1.0)}, [<statsmodels.regression.linear_model.RegressionResultsWrapper object at 0x00000205A212EBD0>, <statsmodels.regression.linear_model.RegressionResultsWrapper object at 0x00000205A23A3590>, array([[0., 1., 0.]])])}