S:0.5712479381260869
CHI:24.20321113277892