S:0.4470450073140845
CHI:7.722100796425809