S:0.35593124499383255
CHI:25.638485026774905